match_id,inning,over,team1,team2,batting_team,winner,total_runs,player_dismissed,innings_wickets,innings_score,aim,remaining_runs,run_rate,required_run_rate,rr_diff,is_batting_team,target
5,1,1,Royal Challengers Bangalore,Delhi Daredevils,Royal Challengers Bangalore,Royal Challengers Bangalore,10,0,0,10,-1.0,-1.0,10.0,-1.0,-1.0,1,1
5,1,2,Royal Challengers Bangalore,Delhi Daredevils,Royal Challengers Bangalore,Royal Challengers Bangalore,9,0,0,19,-1.0,-1.0,9.5,-1.0,-1.0,1,1
5,1,3,Royal Challengers Bangalore,Delhi Daredevils,Royal Challengers Bangalore,Royal Challengers Bangalore,7,0,0,26,-1.0,-1.0,8.666666666666666,-1.0,-1.0,1,1
5,1,4,Royal Challengers Bangalore,Delhi Daredevils,Royal Challengers Bangalore,Royal Challengers Bangalore,4,1,1,30,-1.0,-1.0,7.5,-1.0,-1.0,1,1
5,1,5,Royal Challengers Bangalore,Delhi Daredevils,Royal Challengers Bangalore,Royal Challengers Bangalore,2,0,1,32,-1.0,-1.0,6.4,-1.0,-1.0,1,1
5,1,6,Royal Challengers Bangalore,Delhi Daredevils,Royal Challengers Bangalore,Royal Challengers Bangalore,9,1,2,41,-1.0,-1.0,6.833333333333333,-1.0,-1.0,1,1
5,1,7,Royal Challengers Bangalore,Delhi Daredevils,Royal Challengers Bangalore,Royal Challengers Bangalore,4,0,2,45,-1.0,-1.0,6.428571428571429,-1.0,-1.0,1,1
5,1,8,Royal Challengers Bangalore,Delhi Daredevils,Royal Challengers Bangalore,Royal Challengers Bangalore,8,0,2,53,-1.0,-1.0,6.625,-1.0,-1.0,1,1
5,1,9,Royal Challengers Bangalore,Delhi Daredevils,Royal Challengers Bangalore,Royal Challengers Bangalore,2,1,3,55,-1.0,-1.0,6.111111111111111,-1.0,-1.0,1,1
5,1,10,Royal Challengers Bangalore,Delhi Daredevils,Royal Challengers Bangalore,Royal Challengers Bangalore,6,0,3,61,-1.0,-1.0,6.1,-1.0,-1.0,1,1
5,1,11,Royal Challengers Bangalore,Delhi Daredevils,Royal Challengers Bangalore,Royal Challengers Bangalore,5,0,3,66,-1.0,-1.0,6.0,-1.0,-1.0,1,1
5,1,12,Royal Challengers Bangalore,Delhi Daredevils,Royal Challengers Bangalore,Royal Challengers Bangalore,8,0,3,74,-1.0,-1.0,6.166666666666667,-1.0,-1.0,1,1
5,1,13,Royal Challengers Bangalore,Delhi Daredevils,Royal Challengers Bangalore,Royal Challengers Bangalore,24,0,3,98,-1.0,-1.0,7.538461538461538,-1.0,-1.0,1,1
5,1,14,Royal Challengers Bangalore,Delhi Daredevils,Royal Challengers Bangalore,Royal Challengers Bangalore,16,0,3,114,-1.0,-1.0,8.142857142857142,-1.0,-1.0,1,1
5,1,15,Royal Challengers Bangalore,Delhi Daredevils,Royal Challengers Bangalore,Royal Challengers Bangalore,7,1,4,121,-1.0,-1.0,8.066666666666666,-1.0,-1.0,1,1
5,1,16,Royal Challengers Bangalore,Delhi Daredevils,Royal Challengers Bangalore,Royal Challengers Bangalore,13,0,4,134,-1.0,-1.0,8.375,-1.0,-1.0,1,1
5,1,17,Royal Challengers Bangalore,Delhi Daredevils,Royal Challengers Bangalore,Royal Challengers Bangalore,8,2,6,142,-1.0,-1.0,8.352941176470589,-1.0,-1.0,1,1
5,1,18,Royal Challengers Bangalore,Delhi Daredevils,Royal Challengers Bangalore,Royal Challengers Bangalore,2,0,6,144,-1.0,-1.0,8.0,-1.0,-1.0,1,1
5,1,19,Royal Challengers Bangalore,Delhi Daredevils,Royal Challengers Bangalore,Royal Challengers Bangalore,6,0,6,150,-1.0,-1.0,7.894736842105263,-1.0,-1.0,1,1
5,1,20,Royal Challengers Bangalore,Delhi Daredevils,Royal Challengers Bangalore,Royal Challengers Bangalore,7,2,8,157,-1.0,-1.0,7.85,-1.0,-1.0,1,1
5,2,1,Royal Challengers Bangalore,Delhi Daredevils,Delhi Daredevils,Royal Challengers Bangalore,9,0,0,9,157.0,148.0,9.0,7.7894736842105265,1.2105263157894735,0,1
5,2,2,Royal Challengers Bangalore,Delhi Daredevils,Delhi Daredevils,Royal Challengers Bangalore,4,0,0,13,157.0,144.0,6.5,8.0,-1.5,0,1
5,2,3,Royal Challengers Bangalore,Delhi Daredevils,Delhi Daredevils,Royal Challengers Bangalore,8,0,0,21,157.0,136.0,7.0,8.0,-1.0,0,1
5,2,4,Royal Challengers Bangalore,Delhi Daredevils,Delhi Daredevils,Royal Challengers Bangalore,11,0,0,32,157.0,125.0,8.0,7.8125,0.1875,0,1
5,2,5,Royal Challengers Bangalore,Delhi Daredevils,Delhi Daredevils,Royal Challengers Bangalore,5,1,1,37,157.0,120.0,7.4,8.0,-0.5999999999999996,0,1
5,2,6,Royal Challengers Bangalore,Delhi Daredevils,Delhi Daredevils,Royal Challengers Bangalore,6,1,2,43,157.0,114.0,7.166666666666667,8.142857142857142,-0.9761904761904754,0,1
5,2,7,Royal Challengers Bangalore,Delhi Daredevils,Delhi Daredevils,Royal Challengers Bangalore,10,0,2,53,157.0,104.0,7.571428571428571,8.0,-0.4285714285714288,0,1
5,2,8,Royal Challengers Bangalore,Delhi Daredevils,Delhi Daredevils,Royal Challengers Bangalore,12,1,3,65,157.0,92.0,8.125,7.666666666666667,0.45833333333333304,0,1
5,2,9,Royal Challengers Bangalore,Delhi Daredevils,Delhi Daredevils,Royal Challengers Bangalore,5,0,3,70,157.0,87.0,7.777777777777778,7.909090909090909,-0.1313131313131315,0,1
5,2,10,Royal Challengers Bangalore,Delhi Daredevils,Delhi Daredevils,Royal Challengers Bangalore,9,0,3,79,157.0,78.0,7.9,7.8,0.10000000000000053,0,1
5,2,11,Royal Challengers Bangalore,Delhi Daredevils,Delhi Daredevils,Royal Challengers Bangalore,6,1,4,85,157.0,72.0,7.7272727272727275,8.0,-0.2727272727272725,0,1
5,2,12,Royal Challengers Bangalore,Delhi Daredevils,Delhi Daredevils,Royal Challengers Bangalore,9,0,4,94,157.0,63.0,7.833333333333333,7.875,-0.04166666666666696,0,1
5,2,13,Royal Challengers Bangalore,Delhi Daredevils,Delhi Daredevils,Royal Challengers Bangalore,13,1,5,107,157.0,50.0,8.23076923076923,7.142857142857143,1.0879120879120867,0,1
5,2,14,Royal Challengers Bangalore,Delhi Daredevils,Delhi Daredevils,Royal Challengers Bangalore,5,0,5,112,157.0,45.0,8.0,7.5,0.5,0,1
5,2,15,Royal Challengers Bangalore,Delhi Daredevils,Delhi Daredevils,Royal Challengers Bangalore,1,1,6,113,157.0,44.0,7.533333333333333,8.8,-1.2666666666666675,0,1
5,2,16,Royal Challengers Bangalore,Delhi Daredevils,Delhi Daredevils,Royal Challengers Bangalore,8,0,6,121,157.0,36.0,7.5625,9.0,-1.4375,0,1
5,2,17,Royal Challengers Bangalore,Delhi Daredevils,Delhi Daredevils,Royal Challengers Bangalore,5,1,7,126,157.0,31.0,7.411764705882353,10.333333333333334,-2.9215686274509807,0,1
5,2,18,Royal Challengers Bangalore,Delhi Daredevils,Delhi Daredevils,Royal Challengers Bangalore,11,0,7,137,157.0,20.0,7.611111111111111,10.0,-2.3888888888888893,0,1
5,2,19,Royal Challengers Bangalore,Delhi Daredevils,Delhi Daredevils,Royal Challengers Bangalore,2,0,7,139,157.0,18.0,7.315789473684211,18.0,-10.68421052631579,0,1
5,2,20,Royal Challengers Bangalore,Delhi Daredevils,Delhi Daredevils,Royal Challengers Bangalore,3,2,9,142,157.0,15.0,7.1,99.0,-91.9,0,1
